Segment-Number       Start-Bin(Kb)        Stop-Bin(Kb)         Segment-Width(Kb)    Copy-Number          
1                    1                    98973                98973                2.969593       
--------------------------------------------------------------------------------------------
	ID    Start(bp)    Stop(bp)     Width(Kb)    Copy-Number Class      SegmentEdge Distance(Kb) Centro/Telo Distance(Kb) 
	1     613000       663999       51           0.00000    Class2 	 	 613                  481                  
	2     1955000      1979999      25           1.00742    Class2 	 	 1955                 1823                 
	3     4481000      4528999      48           9.26079    Class2 	 	 4481                 4349                 
	4     8712000      8743999      32           0.10203    Class2 	 	 8712                 8580                 
	5     9889000      9911999      23           1.35274    Class2 	 	 9889                 9757                 
	6     10026000     10062999     37           1.02724    Class2 	 	 10026                9894                 
	7     10084000     10115999     32           0.75401    Class2 	 	 10084                9952                 
	8     11900000     11947999     48           0.87049    Class2 	 	 11900                11768                
	9     12154000     12552999     399          3.69901    Class2 	 	 12154                12022                
	10    13962000     14120999     159          1.60115    Class2 	 	 13962                13830                
	11    15164000     15187999     24           0.00000    Class2 	 	 15164                15032                
	12    16508000     16578999     71           3.77393    Class2 	 	 16508                16376                
	13    16580000     16658999     79           2.20284    Class2 	 	 16580                16448                
	14    17687000     17774999     88           0.00000    Class2 	 	 17687                17555                
	15    18802000     18893999     92           6.05911    Class2 	 	 18802                18670                
	16    19882000     19922999     41           1.40662    Class2 	 	 19882                19750                
	17    26554000     26575999     22           1.41622    Class2 	 	 26554                26422                
	18    26916000     26943999     28           0.73522    Class2 	 	 26916                26784                
	19    31541000     31622999     82           0.00000    Class2 	 	 31541                31409                
	20    32089000     32117999     29           1.32758    Class2 	 	 32089                31957                
	21    33878000     33900999     23           0.11699    Class2 	 	 33878                33746                
	22    34197000     34279999     83           1.73334    Class2 	 	 34197                34065                
	23    36637000     36705999     69           8.04866    Class2 	 	 36637                36505                
	24    38457000     38491999     35           1.88015    Class2 	 	 38457                38325                
	25    39390000     39414999     25           1.13302    Class2 	 	 39390                39258                
	26    41909000     41946999     38           1.32199    Class2 	 	 41909                41777                
	27    51272000     51307999     36           1.67270    Class2 	 	 47665                38765                
	28    54482000     54514999     33           1.71917    Class1 	 	 44458                35558                
	29    56281000     56359999     79           10.43082   Class2 	 	 42613                33713                
	30    58913000     58948999     36           1.93947    Class2 	 	 40024                31124                
	31    65946000     66017999     72           8.39547    Class2 	 	 32955                24055                
	32    66952000     67033999     82           9.19199    Class2 	 	 31939                23039                
	33    67184000     67217999     34           1.35862    Class2 	 	 31755                22855                
	34    68418000     68447999     30           1.91936    Class2 	 	 30525                21625                
	35    70477000     70510999     34           0.93476    Class1 	 	 28462                19562                
	36    73835000     73870999     36           1.22509    Class2 	 	 25102                16202                
	37    75287000     75758999     472          0.10404    Class2 	 	 23214                14314                
	38    75758000     75793999     36           5.52911    Class2 	 	 23179                14279                
	39    75800000     76020999     221          0.20110    Class2 	 	 22952                14052                
	40    82566000     82635999     70           1.02798    Class2 	 	 16337                7437                 
	41    83589000     83649999     61           8.52705    Class2 	 	 15323                6423                 
	42    87262000     87353999     92           5.05660    Class2 	 	 11619                2719                 
	43    87529000     87608999     80           8.78117    Class2 	 	 11364                2464                 
	44    89722000     89807999     86           1.06228    Class2 	 	 9165                 265                  

2                    98974                197811               98838                1.991678       
--------------------------------------------------------------------------------------------
	45    102750000    102809999    60           6.87316    Class2 	 	 3777                 8893                 
	46    110012000    110062999    51           9.81638    Class2 	 	 11039                16155                
	47    111213000    111295999    83           5.17637    Class2 	 	 12240                17356                
	48    114988000    115067999    80           4.75251    Class2 	 	 16015                21131                
	49    115449000    115475999    27           0.29782    Class2 	 	 16476                21592                
	50    115877000    115972999    96           3.00653    Class2 	 	 16904                22020                
	51    116091000    116187999    97           1.11710    Class2 	 	 17118                22234                
	52    116283000    116543999    261          1.06452    Class2 	 	 17310                22426                
	53    116991000    117058999    68           5.17484    Class2 	 	 18018                23134                
	54    120660000    120936999    277          1.39888    Class1 	 	 21687                26803                
	55    122917000    122970999    54           6.42161    Class2 	 	 23944                29060                
	56    123416000    123440999    25           0.37846    Class2 	 	 24443                29559                
	57    123676000    123747999    72           0.51646    Class2 	 	 24703                29819                
	58    125399000    125720999    322          0.00000    Class2 	 	 26426                31542                
	59    127174000    127261999    88           6.02906    Class2 	 	 28201                33317                
	60    128543000    128572999    30           0.93795    Class1 	 	 29570                34686                
	61    129040000    129123999    84           1.23998    Class2 	 	 30067                35183                
	62    129718000    129931999    214          0.00000    Class2 	 	 30745                35861                
	63    130685000    130732999    48           9.66329    Class2 	 	 31712                36828                
	64    135670000    135759999    90           5.19597    Class2 	 	 36697                41813                
	65    136944000    137032999    89           6.94590    Class2 	 	 37971                43087                
	66    139418000    139514999    97           0.00000    Class2 	 	 40445                45561                
	67    140608000    140674999    67           6.89311    Class2 	 	 41635                46751                
	68    141316000    141383999    68           9.98895    Class2 	 	 42343                47459                
	69    144241000    144308999    68           0.00000    Class2 	 	 45268                50384                
	70    146208000    146278999    71           10.52035   Class2 	 	 47235                51533                
	71    150284000    150339999    56           9.24032    Class2 	 	 47471                47472                
	72    154949000    155020999    72           6.87972    Class2 	 	 42790                42791                
	73    163945000    164039999    95           3.63840    Class2 	 	 33771                33772                
	74    167965000    168058999    94           7.03402    Class2 	 	 29752                29753                
	75    174733000    174793999    61           0.00000    Class2 	 	 23017                23018                
	76    183070000    183147999    78           8.17818    Class2 	 	 14663                14664                
	77    190756000    190840999    85           8.75494    Class2 	 	 6970                 6971                 
	78    194782000    194871999    90           10.20459   Class2 	 	 2939                 2940                 
	79    195190000    195243999    54           0.43681    Class1 	 	 2567                 2568                 
	80    195334000    195419999    86           0.00000    Class2 	 	 2391                 2392                 
	81    195656000    195748999    93           0.00000    Class2 	 	 2062                 2063                 
	82    196330000    196400999    71           5.23701    Class2 	 	 1410                 1411                 
	83    197340000    197393999    54           0.00000    Class2 	 	 417                  418                  
	84    197772000    197810999    39           0.84533    Class2 	 	 0                    1                    

